
 -223,679,903


 871,911,720


 221,-180,467


 128,-159,-127


 -1499,4729,758


 227,-1871,-763


 386,-1809,200


 -359,730,-164


 447,-349,-624


 415,-1035,-371


 272,-396,32


 -314,1351,113


 259,-975,-201


 -14,429,416


 -640,1237,125


 295,-1218,370


 0,-706,-382


 -101,616,442


 -617,1348,833


 -24,93,128


 -78,375,295


 -77,197,241


 788,-1505,-510


 179,-442,72


 -1357,2863,1171


 432,-315,-221


 -113,81,323


 -57,51,162


 -136,-776,-319


 549,-1464,-174


 -446,1345,299


 652,441,300


 -35,620,392


 -375,720,-172


 -329,-475,-949


 1298,-1512,-596


 -487,287,142


 -1956,1615,1343


 834,-943,87


 -1639,2057,422


 691,-1547,-225


 -1250,1331,400


 394,-381,-212


 -179,154,40


 174,618,446


 248,-719,239


 -327,853,305


 80,474,312


 -158,-453,42


 -2529,1249,30


 321,-840,-425


 601,-1857,-174


 -950,2394,116


 126,-62,-296


 100,-688,539


 -490,1716,309


 356,-444,207


 -111,-152,-76


 -135,1050,-6


 237,-1145,214


 -1820,2002,237


 823,484,620


 -82,310,63


 -463,220,-950


 -124,-552,-759


 -1190,1647,997


 -374,513,686


 -153,267,590


 -101,-38,-544


 -753,289,136


 38,275,1537


 154,-222,-103


 -1170,2588,1047


 -20,-410,-123


 363,-1246,-11


 168,11,106


 -636,2147,30


 488,-771,-58


 294,-923,-194


 164,-611,-116


 -353,1409,353


 639,-857,179


 -15,-446,23


 -397,1402,27


 838,-802,202


 477,-727,206


 562,-273,430


 48,-513,-677


 -70,-852,114


 -226,1267,267


 587,-88,612


 -595,422,1289


 -315,22,-109


 -162,-253,-372


 291,-858,-419


 -169,745,116


 -562,1293,1361


 -861,166,483


 -1069,1176,-99


 903,-1252,-538


 1894,-2429,-91


 -1117,-1784,1276


 -872,5552,-71


 -167,-10,204


 -347,449,-309


 -1283,773,-1315


 526,-253,1398


 864,-462,543


 -644,809,-1005


 290,-208,743


 -83,-22,-142


 -1004,1309,-1185


 1166,-701,930


 454,-1911,652


 -196,1315,27


 -387,1176,-12


 146,954,-336


 0,497,-161


 -172,709,-11


 -497,1127,-5


 -221,489,173


 684,-690,1098


 208,-935,151


 245,-1342,140


 -51,246,-138


 -187,1454,-182


 -538,1680,-104


 -294,306,343


 412,-865,166


 124,-695,-87


 -226,914,-35


 219,793,411


 352,-1264,698


 758,-1590,296


 -336,759,-290


 -1154,-931,-1354


 -132,-2444,983


 991,551,596


 149,1019,-240


 1352,-685,323


 -2064,-1580,84


 -65,-53,-228


 532,-721,-482


 467,1211,96


 167,1494,89


 -334,677,559


 -505,45,-348


 330,-1542,200


 -269,518,-700


 -141,292,203


 -204,-25,296


 -288,7,222


 78,-1480,371


 1012,1469,-819


 -266,1097,464


 -545,188,165


 -39,-183,-197


 272,-1011,377


 463,-1740,642


 375,696,88


 1044,643,-794


 855,2024,-1224


 -923,1904,-505


 -844,1978,-841


 906,1669,-21


 552,1490,63


 109,433,90


 -367,578,-6


 -535,-154,-516


 -106,-569,-59


 137,-443,786


 336,-846,240


 569,82,110


 205,24,64


 -197,-457,-499


 285,-103,-506


 -112,-67,-87


 -222,771,890


 97,-237,434


 -152,151,494


 -75,-151,-60


 451,-686,-850


 -454,32,-138


 -244,604,797


 730,92,684


 -296,195,167


 -1023,1101,-427


 308,-841,-876


 108,2997,1126


 -1218,2326,-147


 172,-383,61


 366,-1165,445


 -259,483,-168


 -188,-153,732


 -325,1151,1235


 -114,-2000,212


 -85,-87,-140


 -725,122,-562


 118,143,965


 163,1156,-122


 154,-690,-218


 -336,467,-285


 -880,910,-582


 293,-340,1210


 302,536,407


 405,718,420


 -144,-440,252


 -462,-380,118


 -375,-309,-165


 692,877,333


 -27,-35,426


 -530,-144,-15


 295,-639,-247


 711,920,-10


 -369,307,355


 -666,-474,282


 -15,-488,88


 1015,1180,11


 -41,289,275


 -435,-458,-155


 341,-1252,290


 377,1290,-127


 275,813,-134


 -576,402,-489


 166,654,87


 -602,300,-564


 -155,-1875,-108


 -19,-89,334


 107,-1300,1080


 -212,3200,-21


 -34,799,712


 -631,-731,13


 -126,-468,-334


 469,1432,51


 -330,685,747


 -336,-775,213


 454,-1039,360


 498,496,-218


 -390,430,410


 -248,-336,682


 14,-924,671


 -1595,3331,-1270


 -195,693,-322


 -348,-268,1101


 -220,-215,-69


 574,325,-156


 174,962,1039


 5,-1561,-157


 -902,1069,-158


 -154,-258,-459


 483,-1316,731


 -154,-410,-32


 65,-341,-8


 236,497,669


 -931,4026,-648


 371,-359,-127


 -99,64,-869


 -377,460,251


 -442,139,1223


 200,169,-58


 131,45,211


 -111,-433,-27


 -164,414,-203


 3,191,-1418


 -127,10,-341


 -627,480,914


 300,264,598


 -47,7,345


 -45,-19,1027


 334,195,-11


 1001,-837,-422


 -696,1509,-123


 361,649,-63


 -244,181,-454


 117,-139,445


 5,680,1055


 -68,294,297


 230,-502,-18


 -134,66,-434


 -290,96,280


 192,650,43


 -105,-66,365


 318,-263,455


 702,828,203


 -475,84,-722


 159,-1381,1305


 486,108,-127


 379,-585,62


 486,1549,246


 938,1000,-43


 -472,-80,3


 -623,243,168


 423,-939,-926


 421,1545,-192


 72,165,94


 -97,-204,-91


 -31,-320,15


 22,-1273,548


 691,-2158,928


 -103,1796,-435


 -79,2413,-472


 1048,989,-10


 152,1234,211


 -234,970,191


 -207,964,359


 -316,710,434


 -259,-348,42


 -589,323,757


 -555,0,655


 -653,276,213


 -567,73,-61


 -418,-518,94


 514,-1948,367


 878,-2028,335


 435,-2270,71


 943,1603,-140


 -381,1513,396


 -367,396,752


 54,417,530


 -173,381,680


 -393,30,300


 -322,122,-166


 -843,-264,467


 -194,-482,538


 -732,-453,619


 -174,-987,211


 -93,-6,-484


 -434,-488,749


 777,-185,-422


 -162,199,-1508


 -906,672,2133


 -107,-906,413


 -166,842,-100


 511,-1258,630


 -284,-1258,-94


 191,408,-401


 669,89,1809


 1092,-69,834


 -1082,-836,-436


 -1901,4643,-1085


 -72,195,147


 -698,1651,94


 -264,-1508,-1526


 -109,-1335,-899


 43,898,1031


 -659,2215,690


 2567,4542,4802


 -1995,-3745,-2898


 -116,971,85


 37,-1343,-873


 -202,-605,-696


 648,2202,2683


 -875,-1929,-1449


 -767,-954,-212


 -373,104,-105


 1217,2249,-29


 1292,2651,2501


 -1136,-2330,-1558


 -1235,-481,-830


 -570,-114,-395


 475,2327,1297


 912,1529,2030


 -1558,-2067,-1996


 -992,256,-786


 -499,-379,-701


 1023,71,-289


 -412,1074,900


 40,-399,381


 106,-1710,-258


 -332,-467,-121


 213,-546,-1157


 -130,714,155


 -853,330,373


 606,399,-7


 -448,-253,257


 -109,-61,-347


 797,-861,-423


 -334,520,1365


 126,-486,-401


 1257,-118,-168


 -668,1236,1085


 -55,-97,-366


 900,-1698,-257


 -1155,-668,-611


 394,982,-301


 1373,-342,-513


 -941,298,890


 282,215,-390


 1359,302,1892


 1122,2355,3430


 -428,-2421,-3849


 -361,633,-204


 -246,737,340


 515,1093,1859


 -820,440,1343


 -458,-1339,-1583


 577,643,-809


 -1026,589,736


 711,-2000,-1823


 422,-358,214


 2040,-2368,-8


 -933,1745,306


 816,-432,-864


 -874,2229,1411


 920,946,1756


 -144,-710,279


 27,-1884,-963


 -9,463,-671


 -464,-768,545


 -741,-629,1460


 -463,1353,800


 1191,-1793,-660


 253,4199,4870


 -834,1915,223


 -671,-5266,-3046


 287,1995,842


 -805,829,148


 1419,-1450,-532


 621,771,-684


 -1008,235,367


 1809,122,-789


 -826,203,178


 79,2558,3945


 744,-3059,-192


 2424,3217,2549


 283,1989,1410


 -2231,-3223,-663


 1592,2008,2189


 755,2337,1394


 -1362,-182,-382


 -2284,-1583,689


 -1596,-2535,-4251


 263,1645,-673


 -757,1987,442


 -156,-1863,-1290


 433,399,13


 -593,469,1442


 -1401,-2358,-2126


 1628,-1208,-802


 976,1518,365


 -584,629,216


 824,-1123,-1498


 -152,640,-430


 -965,388,524


 1602,-451,-841


 -124,-625,-469


 -1886,-37,908


 1333,1158,-830


 111,-730,-361


 -1850,216,79


 1107,127,-810


 546,897,519


 -946,-602,243


 -780,3582,3350


 -460,-2126,941


 1469,2927,2607


 -1341,-1291,-2551


 -246,-2377,-4060


 -120,372,79


 -166,1834,3473


 588,2061,4310


 61,-602,-1042


 85,-2570,-1021


 1306,-1195,-2230


 24,-120,366


 -704,2548,-107


 -55,-1443,1157


 350,2236,1540


 -1008,-466,-476


 103,363,364


 -879,-891,-289


 47,113,335


 -695,118,-360


 -219,-57,-14


 -632,-1329,-165


 335,2116,275


 304,738,-316


 -5,-545,-93


 -1229,981,349


 766,-54,265


 -202,-775,-189


 -428,550,417


 -116,98,-562


 -324,-1017,-1069


 -567,-201,286


 804,1028,182


 -55,-448,-71


 -1254,-1800,109


 403,594,-709


 -285,-1078,-798


 -897,-1083,-253


 1007,800,486


 -542,469,-582


 -1013,534,1238


 1500,2297,1665


 -363,140,-102


 -1367,-2324,704


 1443,924,336


 -84,779,-148


 -375,585,836


 -913,-2349,-535


 -604,75,-1123


 -696,-2077,-2107


 -673,-961,-459


 508,1670,-300


 479,-1573,-1050


 -476,135,-926


 -672,719,-1564


 -849,339,885


 226,1200,1005


 566,95,496


 -407,-735,319


 -364,165,804


 1279,-36,1017


 1147,2060,2199


 -1529,-1116,-1371


 296,180,-1140


 1995,-1666,486


 -1258,-445,-2779


 -312,873,-394


 -404,1891,846


 -49,1132,-522


 1183,-2170,-579


 543,126,362


 -855,372,933


 517,356,953


 3011,3328,2383


 -1680,-3474,-338


 337,3090,45


 -1278,-2827,-906


 924,2955,39


 961,1575,222


 -524,-1807,408


 -1252,-2555,251


 -743,-2452,-309


 -379,-428,10


 890,1193,-258


 -277,1609,-340


 128,1742,-347


 -348,-2760,-417


 -48,1648,-126


 -538,2240,283


 190,619,450


 492,-85,1167


 -586,-275,1619


 -179,771,813


 730,1600,30


 303,2425,-513


 -869,1979,457


 -77,2967,764


 1485,3453,-236


 -749,651,-1047


 483,1348,-456


 485,-325,-205


 -755,-3403,249


 -1140,-2921,246


 -406,130,-563


 -62,2153,-702


 -725,-1902,117


 -102,-2666,446


 -128,-115,478


 -122,1179,-303


 1823,899,-659


 -273,-1938,1


 -232,600,790


 17,1472,65


 -693,-1386,-41


 480,-2330,183


 229,-2967,304


 263,-1704,690


 -1100,-2050,1752


 625,-80,644


 81,-1027,357


 47,2409,-443


 874,312,-1


 739,835,129


 -111,1707,-926


 333,2700,-1332


 -3931,-3748,1743


 565,-1758,563


 631,-1655,790


 -350,-2395,617


 -402,-442,1080


 28,-741,-550


 156,1674,-778


 99,2662,-572


 1,2508,-501


 623,2035,-497


 610,148,485


 208,-170,672


 314,-1564,643


 179,-716,-149


 674,-1103,359


 596,-816,135


 -218,-204,-260


 -617,1959,-102


 -392,-6,19


 -665,-71,852


 126,1199,-206


 -120,-218,-116


 745,-296,-1341


 169,-521,211


 -7,-280,471


 280,941,43


 323,911,93


 156,288,67


 -12,323,123


 -93,269,47


 86,190,-56


 602,82,-556


 1062,-3135,665


 -961,-844,717


 -238,-943,-551


 467,4815,-195


 -1307,4065,-528


 -672,2430,-51


 -49,1031,-727


 -286,1708,585


 877,-4713,845


 136,-4031,554


 1153,-4184,1038


 1132,-2668,445


 886,-3570,313


 -587,1667,-546


 -537,1768,20


 -1575,4194,-1217


 -837,2146,-454


 -2807,3576,-16


 -1498,4209,643


 -1558,5806,-475


 -832,5878,-412


 -936,7702,-585


 -1454,4867,-759


 -655,6322,228


 555,1419,209


 50,-1661,1433


 110,150,951


 -468,1461,-1532


 -379,-622,-781


 -196,-3514,975


 -108,-130,-36


 -873,1674,247


 -767,2437,325


 1014,-584,-624


 25,-2125,1191


 -583,2379,-183


 -471,1094,209


 -206,-1766,1255


 -139,-2090,-190


 -67,2048,-1232


 -685,1132,-582


 774,-1928,697


 -150,1153,-291


 -206,614,467


 440,-610,668


 111,466,331


 -566,1193,202


 315,579,290


 284,-958,542


 -241,1420,-290


 -350,1217,-837


 -352,906,-979


 -94,-403,618


 -824,-1856,1373


 319,226,512


 -718,1579,-628


 -442,-1577,44


 -620,656,43


 -671,1097,312


 396,-3000,628


 304,184,364


 -326,1642,47


 135,8,-330


 496,-3268,309


 -274,1882,-821


 -494,2530,330


 -612,-950,894


 229,-542,533


 353,1999,203


 119,1132,-220


 -63,-1653,550


 32,610,-320


 -568,787,11


 243,-113,334


 -272,-192,-440


 -238,-614,-160


 106,-732,314


 201,-413,-134


 -385,2462,-1017


 -294,3,-429


 670,-936,501


 -151,-3330,1821


 -471,584,155


 -75,-2214,464


 -71,-619,628


 359,1521,484


 -6,2135,-556


 -704,-1170,-247


 368,-2548,274


 -572,2206,-194


 -416,1890,-398


 989,-534,476


 -384,1114,-357


 -98,-930,-106


 1062,-2088,256


 17,1836,-323


 -495,839,182


 693,-2565,920


 -1106,468,803


 -549,1055,469


 746,-1227,-277


 19,-390,275


 -747,1029,-263


 34,-1385,1151


 395,638,1149


 -254,408,-733


 -1047,2507,-527


 333,-12,1564


 724,-1049,1130


 20,-879,-192


 -1047,2272,-466


 513,-1755,1239


 265,-39,274


 -1040,1186,-405


 308,-1471,953


 475,-310,651


 -550,1534,-263


 -166,-920,510


 731,-266,241


 -507,1192,-8


 10,708,87


 550,134,724


 56,-942,-429


 -920,672,-675


 1088,226,1382


 -840,1359,-106


 -629,138,431


 858,-459,-405


 -290,515,201


 -679,1025,-183


 1021,-333,172


 -160,112,288


 -718,334,-178


 747,-1068,1223


 342,56,620


 -815,-48,-1598


 -115,141,-299


 -448,-1581,917


 59,1747,726


 293,-617,-76


 -387,-34,-327


 381,-454,-480


 -1064,1032,382


 400,-159,1476


 -226,64,-188


 5,-369,-118


 -300,-402,-119


 -864,284,998


 -1394,211,1063


 -485,727,360


 156,-827,-663


 -197,1831,1935


 -806,719,75


 -410,1031,1318


 478,-717,-470


 474,-1281,-3058


 596,54,-1114


 -1247,2175,2652


 -303,-551,1880


 24,648,299


 298,-377,403


 292,313,-980


 -89,111,-1820


 -527,592,555


 -657,623,936


 -189,541,579


 -20,77,541


 -487,601,-259


 366,143,-1231


 427,159,-1056


 -366,388,1843


 -1140,269,683


 2042,-1290,-428


 72,-339,1255


 -250,850,-61


 825,-1343,-488


 -268,59,-466


 -1524,396,-667


 141,485,-859


 423,-87,996


 1036,-69,952


 254,188,-39


 -1427,249,-528


 -718,265,-790


 57,260,733


 1515,-43,666


 1281,-163,155


 -424,-210,-106


 -540,110,-326


 -26,92,155


 673,-166,654


 800,24,767


 -2252,3072,-212


 -1013,2242,222


 359,-707,-500


 1025,-1229,-99


 145,-602,-476


 -228,-422,-476


 -1017,1761,100


 -2372,2357,597


 -1840,2375,1505


 3028,-1603,-755


 2729,-1781,-376


 1768,-589,922


 -414,526,813


 -1003,2803,1739


 -2288,3906,925


 -1288,1985,1285


 474,-707,371


 -236,-240,-302


 922,-1949,362


 -645,283,163


 -1051,2874,910


 -461,735,26


 -249,-1134,-879


 1197,-407,-125


 -2152,2594,-149


 417,-50,-929


 112,482,1101


 548,392,479


 -146,-663,-863


 449,-101,1119


 -859,478,-620


 -201,504,-43


 387,-420,903


 1063,-1854,-985


 -2585,3051,516


 958,-1581,-111


 -689,1632,2568


 878,-799,-731


 764,-2279,362


 -81,521,1768


 -1153,2664,-802


 401,-1791,-1035


 556,-1595,1078


 -1800,3932,166


 249,-2305,-1481


 11,-908,1028


 -866,2805,1906


 -502,753,-485


 1009,143,-375


 498,-1437,-1028


 -397,439,-201


 -570,1290,2793


 444,-264,-1201


 -118,1348,1038


 -776,-1723,-2912


 -319,1188,1871


 -581,1195,1749


 192,-728,-625


 1305,-2021,645


 -945,335,-538


 -798,237,46


 1359,-1844,-503


 -1608,2895,225


 -1606,2063,-500


 599,-1024,-177


 2747,-3038,-192


 2747,-2965,-436


 2659,-3140,-273


 2578,-3362,-291


 1626,-2682,1


 978,-1440,143


 1276,-2080,-86


 -1494,2770,583


 -1187,2661,291


 1269,-1176,183


 -666,1744,669


 -1768,1682,280


 -644,1043,282


 1251,-1013,42


 1443,-2928,-994


 2188,-2906,-353


 -2022,4422,1229


 -1034,1939,809


 944,-617,272


 1459,-2909,186


 929,-2424,119


 -1187,1618,639


 -1583,2849,-264


 443,181,50


 562,-1377,-13


 151,-1336,97


 -1460,3310,195


 -162,1045,12


 311,-1137,-408


 1420,-2947,-184


 -1189,1160,-318


 -2627,4153,-354


 1129,-1649,375


 1582,-753,493


 -605,1949,1277


 775,1099,1884


 -1689,1109,-1722


 2662,-1975,-1506


 -1136,1281,799


 -410,-802,2180


 288,449,2048


 -264,887,-3675


 2365,-1529,66


 -92,456,1059


 -441,1065,1413


 -109,-480,-1941


 712,-1742,-12


 -1731,1797,291


 -1889,1451,2209


 623,2993,2016


 -624,-756,-222


 -2024,84,-1466


 245,-1019,-1410


 1469,-416,-428


 33,792,803


 -329,594,1989


 -95,505,126


 -788,232,-10


 -16,-1031,124


 -2872,2620,231


 562,-1496,486


 1896,1156,180


 996,779,-1029


 419,-616,-574


 -282,455,137


 -539,415,-279


 399,-1112,-832


 491,-1846,-240


 220,-911,284


 -190,-144,86


 -554,2089,416


 -837,2874,737


 -147,313,29


 481,-1649,-417


 745,-2300,-577


 -238,-65,81


 -943,2955,797


 393,-191,543


 576,-1564,124


 71,307,56


 -980,3252,457


 445,-1085,-505


 254,-1830,-871


 -509,85,281


 -1026,3361,1029


 -1542,3663,667


 882,-1646,-361


 816,-616,-433


 -318,363,-641


 870,-2338,-401


 -1338,3931,1438


 1176,-1314,-106


 -1364,2977,400


 750,-1400,-776


 -891,1229,955


 394,-242,-787


 1127,-1750,-314


 -1140,2258,69


 684,-679,-209


 -669,1534,725


 798,-1518,-936


 -544,1046,1200


 597,-1300,-707


 -362,685,903


 -12,401,-436


 -175,833,414


 67,-507,-242


 264,-395,-779


 386,-565,-195


 -1018,1693,846


 232,590,609


 394,500,540


 -637,-996,-834


 192,-1416,-398


 -610,725,537


 68,-141,361


 210,359,669


 -599,844,-565


 1108,-2715,-237


 -1270,2554,10


 326,-1181,-195


 269,-1377,-296


 -1937,4277,432


 643,-1067,-75


 1799,-2752,-321


 -732,1107,304


 277,1232,-950


 1425,-2458,81


 -652,-900,807


 -962,2412,1051


 406,-1533,-62


 718,-1632,-256


 -2961,2951,217

