
 21,-269,-459


 414,-638,692


 408,-2303,-1157


 -253,1881,659


 373,-1609,-671


 331,-1360,-299


 -14,603,239


 224,-1302,-6


 71,570,510


 34,-291,-268


 139,-2049,-534


 160,418,-188


 426,231,480


 655,-1322,-831


 -219,238,663


 533,-755,-445


 32,-538,-322


 237,-1504,-144


 169,646,-58


 -83,-172,-66


 -83,-971,-124


 153,-368,115


 175,395,133


 279,-927,-183


 -238,977,373


 141,-540,766


 425,-1417,93


 217,-1254,-81


 316,73,76


 197,536,-63


 174,-1806,-40


 477,-1521,-187


 -84,888,35


 354,-1083,-681


 542,-1768,-572


 213,-193,340


 -274,1180,580


 562,-1624,-376


 361,-1039,-276


 -97,1304,668


 485,-1019,16


 178,-1613,123


 32,482,114


 394,-617,60


 166,-949,-40


 288,-1060,-20


 443,401,-13


 199,-1238,-164


 197,-876,-220


 180,1006,14


 158,-838,-293


 227,-1813,-420


 315,-1091,14


 -377,1955,116


 45,-462,-463


 517,-1337,-482


 497,-1671,-220


 116,-295,200


 316,89,68


 394,-650,-2


 230,-1273,-130


 267,-321,-198


 228,636,171


 41,-514,125


 234,-1865,-54


 388,239,51


 343,232,13


 370,-707,654


 107,-547,-28


 609,-1223,-857


 -256,456,612


 457,-997,338


 193,-339,28


 612,-641,-259


 -44,-587,-796


 226,-376,772


 643,-590,-1314


 154,-725,443


 312,-276,-175


 469,-1002,307


 51,462,22


 13,773,411


 573,-1571,36


 299,-1046,-283


 142,-479,372


 467,-680,278


 235,-67,-27


 183,-589,-597


 70,-468,181


 -7,-347,-221


 300,-563,-134


 276,-334,4


 -182,1094,587


 57,485,283


 97,-608,88


 314,-1356,60


 193,-1063,58


 36,-1297,-54


 238,-1336,70


 481,-1709,109


 389,-301,-926


 199,-226,-187


 -159,-325,920


 108,-416,831


 113,-139,-152


 553,-470,-1008


 59,-350,-7


 24,-502,1039


 224,-922,215


 101,-207,53


 993,-337,-659


 478,-598,-991


 -136,-308,780


 190,-1073,324


 111,-701,590


 772,-1984,11


 27,-1289,-93


 375,-381,174


 195,66,-36


 185,-509,-70


 28,-327,-88


 269,-574,-23


 367,-527,-303


 165,-448,14


 201,-550,290


 304,-580,-2


 439,-621,-507


 129,-251,2


 144,-295,171


 167,-367,-457


 373,-192,-989


 114,-755,462


 271,-137,-343


 290,-731,-730


 126,-427,-99


 162,-628,694


 258,-480,47


 140,-327,-465


 182,-639,202


 128,-373,619


 333,-778,7


 443,-575,-644


 118,-635,395


 114,-36,140


 41,-1025,-453


 -251,2515,614


 360,-954,-96


 265,-2005,-109


 409,-203,-195


 370,538,234


 314,-668,-355


 23,-1550,-467


 416,-2170,59


 460,-484,825


 186,1219,-508


 236,778,-308


 -86,369,-79


 319,-1731,294


 443,-2580,363


 111,-1770,302


 174,442,560


 204,660,242


 119,-947,307


 371,-2526,96


 165,-594,-111


 430,933,-345


 484,537,-177


 136,-1260,69


 -126,-1545,-28


 230,888,-161


 454,459,-79


 116,-886,-144


 -180,-1445,-105


 198,-1674,299


 201,580,-119


 350,825,-298


 243,-10,-127


 274,-973,-358


 181,-1084,-375


 202,-1322,-139


 359,-1337,117


 307,-678,-47


 -137,578,-563


 229,571,-530


 -292,876,-266


 -195,52,99


 218,-1099,285


 515,-2160,284


 192,-741,101


 509,991,128


 291,677,-382


 493,-907,593


 182,-1847,455


 -153,-1057,-48


 239,-1124,118


 389,-921,-37


 691,-62,-523


 572,590,-834


 270,-323,-55


 185,-181,-219


 230,-1254,78


 -118,-1384,-218


 -397,-939,-269


 -1556,1465,-320


 143,-294,489


 28,436,324


 374,-771,-154


 218,-1181,49


 240,-1130,127


 233,37,-495


 -39,-445,378


 212,138,130


 436,-596,-568


 164,-624,336


 149,-450,114


 277,-692,-553


 -27,-416,290


 221,-431,254


 345,-732,-651


 235,-500,-38


 135,-452,530


 358,-673,-310


 314,-547,-386


 216,-806,712


 366,-455,-46


 287,-668,-450


 371,-741,288


 183,-397,88


 -9,-136,-507


 76,-272,-357


 207,-821,566


 389,-753,212


 154,-592,-236


 -118,-45,1


 311,-961,221


 132,-735,-484


 -314,535,146


 310,-779,16


 -14,-454,-893


 -132,-341,-71


 443,-30,-184


 209,-616,207


 129,-535,-60


 255,309,-680


 253,-518,-51


 207,-1134,225


 741,-1229,193


 211,-463,302


 79,109,-49


 12,-818,39


 483,-1169,-895


 -560,594,1415


 895,-842,261


 278,-567,-804


 1105,-1586,-1336


 1143,-1791,-1165


 374,-816,-1152


 -57,-1328,-419


 417,678,-644


 783,-217,85


 11,-1004,203


 -375,-263,-182


 847,-1969,1504


 501,-195,-597


 291,-277,-351


 325,-410,-204


 151,-895,210


 51,-1065,580


 156,-1143,210


 533,-133,-55


 417,-76,-121


 16,-303,259


 -127,-986,25


 874,-200,-264


 111,-311,-97


 -380,-695,-182


 186,-1133,-116


 927,-181,16


 -8,-886,-243


 -44,-999,56


 -291,656,-1215


 527,7,-18


 442,-931,-943


 -30,-717,-25


 811,-1858,1010


 329,360,27


 13,-419,336


 -174,-1397,360


 689,-1870,372


 1015,231,-440


 377,-1039,450


 -266,-753,138


 218,-1381,386


 996,-150,-532


 685,-1276,601


 -342,-234,39


 641,-2107,979


 -916,733,-1046


 863,-272,-704


 50,-325,194


 -506,-496,-261


 166,-874,-771


 697,418,-499


 13,-607,-283


 597,-1098,-378


 226,-593,-558


 -260,668,-824


 -34,550,-302


 78,72,309


 104,-1193,260


 277,-763,286


 455,-661,-264


 -256,-233,22


 463,-678,415


 644,-469,289


 807,-2102,260


 -541,1515,-1600


 1125,-841,-1026


 45,-590,-386


 -57,-695,1059


 218,-990,688


 978,-1103,199


 -802,554,194


 530,-883,-306


 -299,-168,195


 473,-1070,-213


 308,681,338


 4511,-1229,696


 -1630,33,-542


 -5363,-944,-118


 -208,-801,-618


 3061,311,-369


 2615,-186,-537


 2458,-1232,-1272


 1007,-979,100


 -960,-667,-784


 -2847,-361,1086


 914,-1456,93


 1428,-1204,-214


 810,-232,-172


 84,1610,-58


 -186,-66,-311


 60,-1019,-44


 455,-1443,350


 1147,-2049,1023


 824,1085,-872


 471,436,-326


 -10,-781,-130


 -235,-1329,-208


 1113,-1703,691


 -982,4240,-1155


 744,-75,-866


 -128,-515,1369


 -170,-1141,-452


 435,-2409,661


 -479,1699,-902


 278,-472,-1069


 174,-740,1213


 6,-392,-456


 -38,253,-491


 215,-320,174


 53,-554,79


 -3,-478,124


 495,-933,-300


 267,1559,1510


 659,-1379,833


 295,-722,247


 -74,-1123,62


 434,-1059,36


 363,-1187,97


 580,-2069,-398


 -23,959,-267


 651,888,-154


 573,691,-90


 551,105,-282


 142,28,-287


 -5,-16,18


 -103,-524,192


 -153,-869,228


 162,-1017,592


 159,-1054,96


 10,-927,145


 -191,-50,103


 482,462,-154


 273,587,-167


 1239,555,-258


 1949,2083,-965


 930,1253,-558


 398,-2015,-170


 76,-1218,-47


 116,-1486,-215


 -348,-233,234


 -158,199,922


 1647,3250,-708


 -1018,-469,10


 1254,-1450,298


 451,-276,-4


 34,577,-179


 -112,-1084,41


 354,-735,-209


 545,542,-203


 53,-1244,41


 -195,-1002,-69


 686,903,-190


 112,-241,409


 -160,-120,46


 444,-1117,2


 117,1896,-1528


 32,-3326,1931


 666,467,213


 504,245,703


 -290,-1147,182


 19,-1138,-3


 387,1188,-752


 -140,457,-503


 43,-387,746


 653,-1122,176


 -78,-1222,-358


 1618,2166,-1131


 890,-1170,471


 353,-1425,-245


 355,-2237,-121


 805,-1425,-123


 498,-3011,-3582


 -269,252,668


 1477,307,2813


 294,741,1503


 -846,-2004,-1127


 220,513,-1515


 656,-2175,-983


 -1050,817,1024


 872,104,109


 71,-1397,289


 -247,-797,-875


 1059,-1219,-1211


 -45,-1241,-226


 503,-1203,-193


 453,1093,331


 58,-343,993


 -474,-1383,-196


 370,-669,-226


 293,160,288


 170,-1181,-196


 148,-1338,-447


 411,1052,-282


 -83,-327,114


 238,-628,313


 337,27,-1405


 -264,345,1089


 585,654,1356


 649,-246,-8


 192,-1661,278


 537,108,-348


 -136,-1672,108


 192,-915,-45


 446,1299,-30


 -25,-448,76


 417,-1590,-35


 342,1052,7


 182,-780,-1034


 124,-112,-1357


 194,-1058,1328


 440,6,25


 69,-1257,-851


 442,233,-623


 509,-1387,675


 79,-719,-382


 298,-723,-41


 -20,-67,753


 79,-1580,-402


 442,-782,-228


 1073,565,291


 -112,-363,873


 306,-1241,91


 -69,-1342,-206


 -377,-1682,282


 469,1771,-327


 290,-861,-110


 318,487,381


 117,-227,408


 931,1862,-33


 394,-756,196


 -1094,-1304,861


 218,-163,128


 901,298,-212


 -458,1395,-101


 1661,735,-288


 1850,3274,2244


 -56,1774,339


 -507,2841,36


 -502,1640,137


 -377,965,-56


 -299,808,-126


 -299,885,218


 954,-1473,166


 -349,-566,-114


 -59,-1025,-341


 314,-867,-428


 -17,-399,185


 877,-921,733

